87.1
72.6
89.4
54.8
85.8
26.1
21.3
16.5
92.0
93.3
94.0
57.4
30.9
55.6
68.7
86.2
95.2
91.3
22.9
44.5
64.6
96.4
69.5
40.6
51.5
33.9
26.1
31.0
25.1
72.2
85.3
52.9
16.32
61.6
95.0
74.8
5.7
55.9
82.4
63.4
63.4
85.4
34.7
15.8
90.9
19.8
86.5
53.7
90.3
52.7
41.1
90.5
63.6
30.5
66.8
59.4
94.2
69.8
94.6
88.8
25.3
91.1
88.1
67.2
60.5
45.9
87.5
40.8
88.8
50.2
50.5
39.2
12.7
56.3
13.1
11.46
86.0
82.9
93.0
96.5
92.6
92.2
39.8
91.3
89.2
51.7
20.6
15.2
36.3
46.5
49.1
41.0
97.5
80.6
98.1
5.0
46.2
93.8
99.2
99.2
52.1
5.4
23.5
61.3
15.2
28.6
20.0
74.3
85.8
27.2
99.1
98.4
99.2
100.0
93.2
96.8
97.8
98.6
98.3
99.1
93.1
87.6
98.9
96.7
99.6
99.1
96.4
98.4
97.0
20.1
71.7
37.6
91.8
77.2
57.8
23.7
68.9
91.3
30.6
25.2
73.9
79.2
80.3
14.8
53.0
65.5
30.3
82.3
51.9
82.7
22.8
31.3
27.7
31.4
99.7
27.4
14.5
98.8
91.3
51.1
63.1
89.4
57.9
64.0
25.4
85.0
23.1
67.0
57.7
83.4
71.4
92.2
69.2
78.2
19.9
98.0
90.4
28.3
77.4
98.0
56.2
79.9
44.5
82.2
86.5
32.4
86.2
54.9
72.9
22.1
76.9
40.1
89.6
76.9
62.9
31.5
72.9
88.6
19.4
93.9
62.1
19.6
90.2
44.0
81.9
92.0
87.1
47.3
76.4
65.3
29.7
38.3
90.1
20.2
92.8
15.5
40.1
25.2
52.5
80.4
55.9
76.1
59.5
76.3
90.4
60.6
67.2
